Resultado final do vetor x:
x[0] = 0.107421
x[1] = 0.777673
x[2] = 0.361531
x[3] = 0.013893
x[4] = 1.003108
x[5] = 0.174756
x[6] = 0.762814
x[7] = 0.328125
x[8] = 0.996979
x[9] = 0.330193
